data,evolucao,casos_dia
26/fev,1,1
27/fev,0,0
28/fev,0,0
29/fev,2,1
01/mar,0,0
02/mar,0,0
03/mar,0,0
04/mar,3,1
05/mar,6,3
06/mar,10,4
07/mar,13,3
08/mar,16,3
09/mar,16,0
10/mar,19,3
11/mar,30,11
12/mar,46,16
13/mar,56,10
14/mar,65,9
15/mar,136,71
16/mar,152,16
17/mar,164,12
18/mar,240,76
19/mar,286,46
20/mar,396,110
21/mar,459,63
22/mar,631,172
23/mar,745,114
24/mar,810,65
25/mar,862,52
26/mar,1052,190
27/mar,1223,171
28/mar,1406,183
29/mar,1451,45
30/mar,1517,66
31/mar,2339,882
